% A = [[1,       0,       0,    0,      1,     0,    0,    0,    1,    0,     0,    0],
%      [0,       1,       0,    0,      0,     1,    0,    0,    0,    1,     0,    0],
%      [0,       0,       1,    0,      0,     0,    1,    0,    0,    0,     1,    0],
%      [0,       0,       0,    1,      0,     0,    0,    1,    0,    0,     0,    1],
%      [-15,   -12,     -16,    0,      0,     0,    0,    0,    0,    0,     0,    0],
%      [0,       0,       0,    0,     -3,    -4,    0,   -5,    0,    0,     0,    0],
%      [0,       0,       0,    0,      0,     0,    0,    0,   -2,   -1,    -2,   -1],
%      [-1,      0,       0,    0,      0,     0,    0,    0,    0,    0,     0,    0],
%      [0,      -1,       0,    0,      0,     0,    0,    0,    0,    0,     0,    0],
%      [0,       0,      -1,    0,      0,     0,    0,    0,    0,    0,     0,    0],
%      [0,       0,       0,   -1,      0,     0,    0,    0,    0,    0,     0,    0],
%      [0,       0,       0,    0,     -1,     0,    0,    0,    0,    0,     0,    0],
%      [0,       0,       0,    0,      0,    -1,    0,    0,    0,    0,     0,    0],
%      [0,       0,       0,    0,      0,     0,   -1,    0,    0,    0,     0,    0],
%      [0,       0,       0,    0,      0,     0,    0,   -1,    0,    0,     0,    0],
%      [0,       0,       0,    0,      0,     0,    0,    0,   -1,    0,     0,    0],
%      [0,       0,       0,    0,      0,     0,    0,    0,    0,   -1,     0,    0],
%      [0,       0,       0,    0,      0,     0,    0,    0,    0,    0,    -1,    0],
%      [0,       0,       0,    0,      0,     0,    0,    0,    0,    0,     0,   -1],
%     ]

c = [225 192 248 0 81 112 0 137.5 58 29.5 58.6 29.4];
b = [168 168 168 168 -2700 -875 -420 0 0 0 0 0 0 0 0 0 0 0 0];
A = zeros(19,12);
A(8:19,1:12) = -eye(12);
A(1:4,1:4) = eye(4);        % The A constraints for time
A(1:4,5:8) = eye(4);        % The B constraints for time
A(1:4,9:12) = eye(4);       % The C constraints for time
A(5,1:4)  = [-15 -12 -16  0];
A(6,5:8)  = [-3   -4   0 -5];
A(7,9:12) = [-2   -1  -2 -1];

sol1 = linprog(-c, A, b);

c*sol1
